GDP per capita
10.556
10.529
9.318
10.369
10.499
10.481
10.382
10.284
9.787
10.315
10.358
10.217
9.59
9.94
10.016
9.52
9.693
8.836
10.155
9.454
8.538
9.853
10.189
8.091
9.487
9.569
9.629
9.585
9.436
10.871
10.611
10.651
9.4
11
9.673
9.88
9.053
9.966
9.577
9.859
9.186
10.35
10.071
9.054
9.557
8.62
9.962
8.648
9.458
9.313
9.046
9.448
9.802
9.073
7.477
10.575
10.669
11.085
10.743
10.817
9.622
10.24
8.903
9.342
9.24
9.584
9.266
9.626
8.485
9.182
9.367
7.578
10.643
10.796
10.776
11.023
8.12
9.826
8.454
8.458
9.47
8.755
7.695
11.488
9.805
9.076
8.973
10.238
9.365
8.947
8.36
8.541
10.008
8.117
8.551
8.189
8.118
8.58
7.098
7.686
8.087
7.838
9.403
9.603
7.678
7.158
8.533
7.744
7.677
7.288
8.361
9.161
7.364
9.065
8.031
7.694
8.542
7.396
7.362
8.145
7.434
6.635
7.876
6.958
7.926
9.782
7.676
7.943
10.775
10.933
11.117
10.878
10.932
11.053
10.867
11.647
10.906
10.873
11.342
10.707
10.823
10.704
10.674
10.571
10.623
10.576
10.421
10.279
10.576
